      0/23     5.71G   0.07558   0.03399   0.01885    0.1284       668       640    0.2587    0.3129    0.2273    0.1035   0.05122   0.04027    0.0121
      1/23     10.1G   0.05493   0.02842  0.008613   0.09196       555       640    0.3851    0.4141    0.3367    0.1691   0.04623   0.03961  0.009638
      2/23     10.1G   0.04913   0.02801  0.007008   0.08415       751       640    0.3119    0.5791    0.4407    0.2257   0.04506    0.0381  0.007898
      3/23     10.1G   0.04593   0.02754  0.006043   0.07952       568       640    0.3231    0.5965     0.465    0.2328   0.04379   0.03928  0.007202
      4/23     10.1G   0.04394   0.02775  0.005419   0.07711       602       640     0.373    0.5936    0.4924    0.2499   0.04359    0.0391  0.007297
      5/23     10.1G   0.04253    0.0274  0.005107   0.07504       512       640    0.4321    0.6336    0.5271    0.2835   0.04157   0.03731   0.00606
      6/23     10.1G   0.04078   0.02689  0.004736    0.0724       627       640    0.4408    0.6425    0.5543    0.3042   0.04048   0.03776   0.00608
      7/23     10.1G   0.03967   0.02633  0.004542   0.07054       460       640    0.4204     0.693    0.5821    0.3183   0.04001   0.03618  0.005649
      8/23     10.1G    0.0388    0.0258  0.004294    0.0689       529       640    0.4363    0.6941       0.6    0.3313    0.0392   0.03656   0.00536
      9/23     10.1G    0.0383    0.0256  0.004076   0.06797       523       640    0.4683    0.6818    0.5954    0.3363   0.03903   0.03648  0.005342
     10/23     10.1G    0.0373   0.02539  0.003901   0.06659       516       640    0.4688    0.7079    0.6189    0.3494   0.03818   0.03521  0.004939
     11/23     10.1G   0.03699     0.025  0.003891   0.06589       550       640    0.4681    0.7201    0.6469    0.3733   0.03789   0.03484   0.00493
     12/23     10.1G   0.03645   0.02489  0.003734   0.06508       543       640     0.433    0.7348    0.6554    0.3772    0.0373   0.03451   0.00491
     13/23     10.1G   0.03579   0.02481   0.00355   0.06415       535       640    0.4561    0.7359    0.6672    0.3828   0.03678   0.03407  0.004456
     14/23     10.1G   0.03536   0.02449  0.003427   0.06328       496       640    0.4767     0.731    0.6764    0.3967   0.03649   0.03393  0.004377
     15/23     10.1G   0.03502   0.02425  0.003317   0.06259       490       640    0.4526    0.7295    0.6794    0.3939   0.03608    0.0338  0.004308
     16/23     10.1G   0.03425   0.02393  0.003209   0.06138       679       640    0.4567    0.7459    0.6894    0.4057   0.03556   0.03336  0.004101
     17/23     10.1G   0.03404   0.02343  0.003195   0.06067       656       640    0.4778    0.7523    0.6982    0.4148   0.03557   0.03336  0.004124
     18/23     10.1G   0.03375   0.02349  0.003129   0.06037       482       640    0.4831      0.75    0.7012    0.4177   0.03529   0.03327  0.004038
     19/23     10.1G   0.03345   0.02344  0.003065   0.05995       554       640    0.4887    0.7511    0.7053    0.4209   0.03504   0.03284  0.003919
     20/23     10.1G    0.0331     0.023   0.00293   0.05903       431       640    0.4927    0.7586    0.7115    0.4276   0.03473   0.03275  0.003816
     21/23     10.1G   0.03281   0.02294  0.002845    0.0586       631       640     0.471    0.7711    0.7197    0.4308   0.03461   0.03258   0.00376
     22/23     10.1G   0.03288   0.02293  0.002918   0.05873       600       640    0.4839    0.7689    0.7252    0.4384   0.03438   0.03236  0.003673
     23/23     10.1G   0.03266   0.02282  0.002823    0.0583       546       640    0.5046    0.7616    0.7205    0.4368   0.03428   0.03229  0.003619
